-22.1032,-32.3358
-22.3032,-32.3352
-22.5032,-32.3347
-29.4356,-38.9868
-29.6356,-38.9887
-29.6748,-38.9919
-29.714,-38.9961
-29.753,-39.0013
-29.7919,-39.0074
-29.8306,-39.0145
-29.8691,-39.0224
-29.9075,-39.0313
-29.9456,-39.0412
-29.9835,-39.0519
-30.021,-39.0636
-30.0583,-39.0762
-30.0953,-39.0896
-30.132,-39.104
-30.1682,-39.1193
-30.2042,-39.1354
-30.2397,-39.1524
-30.2747,-39.1702
-30.3094,-39.1889
-30.3436,-39.2084
-30.3773,-39.2288
-30.4104,-39.2499
-30.4431,-39.2719
-30.4752,-39.2946
-30.5068,-39.3181
-30.5378,-39.3424
-30.5682,-39.3674
-30.598,-39.3931
-30.6271,-39.4196
-30.6556,-39.4467
-30.6834,-39.4746
-30.7106,-39.5031
-30.6442,-39.4362
-30.7805,-39.5826
-30.8125,-39.6211
-30.8436,-39.6603
-30.8738,-39.7002
-30.9031,-39.7408
-30.9315,-39.7821
-30.9589,-39.8239
-30.9854,-39.8664
-31.0109,-39.9095
-31.0355,-39.9531
-31.059,-39.9973
-31.0816,-40.042
-31.1031,-40.0872
-31.1236,-40.1329
-31.1431,-40.179
-31.1615,-40.2255
-31.1788,-40.2725
-31.1951,-40.3198
-31.2104,-40.3675
-31.2245,-40.4156
-31.2375,-40.4639
-31.2495,-40.5125
-31.2603,-40.5614
-31.2701,-40.6105
-31.2787,-40.6598
-31.2862,-40.7093
-31.2926,-40.759
-31.2979,-40.8087
-31.302,-40.8586
-31.305,-40.9086
-31.3069,-40.9586
-31.3077,-41.0087
-37.9438,-42.0418
-37.9432,-42.2418
-37.9426,-42.465
-37.9425,-42.505
-37.9421,-42.655
-37.9413,-42.925
-37.9408,-43.095
-37.9404,-43.245
