-22.1032,-32.3358
-22.3032,-32.3352
-22.5032,-32.3347
-29.4975,-32.3521<<<<
-28.8373,-38.9542
-29.6975,-32.354<<<<
-29.0373,-38.956
-29.8974,-32.3607<<<<
-27.5837,-38.5792
-30.0971,-32.3722<<<<
-26.2416,-37.7721
-30.2964,-32.3886<<<<
-25.0488,-36.4489
-30.4953,-32.4098<<<<
-24.0924,-34.1496
-30.6936,-32.4358<<<<
6.95265e-310,-209.604
-30.8912,-32.4666<<<<
6.95265e-310,-175.317
-31.088,-32.5022<<<<
6.95265e-310,-150.683
-31.2839,-32.5425<<<<
6.95265e-310,-132.257
-31.4787,-32.5876<<<<
6.95265e-310,-118.064
-31.6724,-32.6374<<<<
6.95265e-310,-106.892
-31.8649,-32.6918<<<<
6.95265e-310,-97.9537
-32.0559,-32.7509<<<<
6.95265e-310,-90.7178
-32.2455,-32.8146<<<<
6.95265e-310,-84.8126
-32.4335,-32.8829<<<<
6.95265e-310,-79.9707
-32.6197,-32.9557<<<<
6.95265e-310,-75.9952
-32.8042,-33.033<<<<
6.95265e-310,-72.738
-32.9867,-33.1148<<<<
6.95265e-310,-70.0864
-33.1672,-33.2009<<<<
6.95265e-310,-67.9529
-33.3456,-33.2914<<<<
6.95265e-310,-66.2692
-33.5217,-33.3862<<<<
6.95265e-310,-64.9818
-33.6954,-33.4852<<<<
6.95265e-310,-64.048
-33.8668,-33.5884<<<<
6.95265e-310,-63.4344
-34.0355,-33.6957<<<<
6.95265e-310,-63.1142
-34.2016,-33.8071<<<<
6.95265e-310,-63.0669
-34.365,-33.9225<<<<
6.95265e-310,-63.2765
-34.5255,-34.0417<<<<
6.95265e-310,-63.7314
-34.6831,-34.1649<<<<
6.95265e-310,-64.4233
-34.8377,-34.2918<<<<
6.95265e-310,-65.3472
-34.9891,-34.4224<<<<
-28.4101,-33.5622
-35.1374,-34.5567<<<<
-28.7063,-36.189
-35.2823,-34.6945<<<<
-29.6942,-38.2717
-35.5008,-34.9155<<<<
-35.3008,-41.5475
-35.6371,-35.0619<<<<
-35.4371,-41.6938
-35.77,-35.2113<<<<
6.95265e-310,-77.0325
-35.8995,-35.3637<<<<
6.95265e-310,-79.6318
-36.0255,-35.519<<<<
6.95265e-310,-82.4946
-36.148,-35.6771<<<<
6.95265e-310,-85.6402
-36.2669,-35.8379<<<<
6.95265e-310,-89.0916
-36.3821,-36.0014<<<<
6.95265e-310,-92.876
-36.4936,-36.1674<<<<
6.95265e-310,-97.0254
-36.6014,-36.3359<<<<
6.95265e-310,-101.577
-36.7052,-36.5068<<<<
6.95265e-310,-106.577
-36.8052,-36.68<<<<
6.95265e-310,-112.076
-36.9013,-36.8554<<<<
6.95265e-310,-118.137
-36.9933,-37.033<<<<
6.95265e-310,-124.837
-37.0814,-37.2126<<<<
6.95265e-310,-132.264
-37.1653,-37.3941<<<<
6.95265e-310,-140.53
-37.2451,-37.5775<<<<
6.95265e-310,-149.767
-37.3208,-37.7626<<<<
6.95265e-310,-160.143
-37.3922,-37.9494<<<<
6.95265e-310,-171.864
-37.4595,-38.1378<<<<
6.95265e-310,-185.194
-37.5224,-38.3276<<<<
6.95265e-310,-200.469
-37.581,-38.5188<<<<
6.95265e-310,-218.129
-37.6353,-38.7113<<<<
6.95265e-310,-238.759
-37.6852,-38.9049<<<<
6.95265e-310,-263.155
-37.7308,-39.0997<<<<
6.95265e-310,-292.423
-37.7719,-39.2954<<<<
6.95265e-310,-328.158
-37.8086,-39.492<<<<
6.95265e-310,-372.731
-37.8408,-39.6894<<<<
6.95265e-310,-429.842
-37.8686,-39.8874<<<<
6.95265e-310,-505.589
-37.8919,-40.0861<<<<
6.95265e-310,-610.8
-37.9107,-40.2852<<<<
6.95265e-310,-766.703
-37.925,-40.4847<<<<
6.95265e-310,-1021.38
-37.9347,-40.6844<<<<
6.95265e-310,-1511.81
-37.9438,-42.0418
-37.9432,-42.2418
-37.9426,-42.465
-37.9425,-42.505
-37.9421,-42.655
-37.9413,-42.925
-37.9408,-43.095
-37.9404,-43.245
