-22.1032,-32.3358
-22.3032,-32.3352
-22.5032,-32.3347
-28.8373,-38.9542
-29.0373,-38.956
-27.5837,-38.5792
-26.2416,-37.7721
-25.0488,-36.4489
-24.0924,-34.1496
6.95336e-310,-209.604
6.95336e-310,-175.317
6.95336e-310,-150.683
6.95336e-310,-132.257
6.95336e-310,-118.064
6.95336e-310,-106.892
6.95336e-310,-97.9537
6.95336e-310,-90.7178
6.95336e-310,-84.8126
6.95336e-310,-79.9707
6.95336e-310,-75.9952
6.95336e-310,-72.738
6.95336e-310,-70.0864
6.95336e-310,-67.9529
6.95336e-310,-66.2692
6.95336e-310,-64.9818
6.95336e-310,-64.048
6.95336e-310,-63.4344
6.95336e-310,-63.1142
6.95336e-310,-63.0669
6.95336e-310,-63.2765
6.95336e-310,-63.7314
6.95336e-310,-64.4233
6.95336e-310,-65.3472
-28.4101,-33.5622
-28.7063,-36.189
-29.6942,-38.2717
