-28.7197,-38.9892
-28.9197,-38.9886
-29.1197,-38.9881
-29.1197,-38.9881
-29.3197,-38.9899
-29.5196,-38.9966
-29.7193,-39.0082
-29.9186,-39.0246
-30.1175,-39.0458
-30.3158,-39.0718
-30.5134,-39.1026
-30.7102,-39.1382
-30.906,-39.1785
-31.1009,-39.2236
-31.2946,-39.2734
-31.487,-39.3278
-31.6781,-39.3869
-31.8677,-39.4506
-32.0557,-39.5189
-32.2419,-39.5917
-32.4264,-39.669
-32.6089,-39.7508
-32.7894,-39.8369
-32.9678,-39.9274
-33.1439,-40.0222
-33.3176,-40.1212
-33.4889,-40.2244
-33.6577,-40.3317
-33.8238,-40.4431
-33.9872,-40.5584
-34.1477,-40.6777
-34.3053,-40.8008
-34.4599,-40.9278
-34.6113,-41.0584
-34.7596,-41.1926
-34.9045,-41.3304
-34.9045,-41.3304
-35.0462,-41.4716
-35.1846,-41.6159
-35.3198,-41.7633
-35.4516,-41.9138
-35.5799,-42.0671
-35.7048,-42.2234
-35.8261,-42.3824
-35.9437,-42.5441
-36.0577,-42.7085
-36.168,-42.8753
-36.2744,-43.0446
-36.377,-43.2163
-36.4757,-43.3903
-36.5704,-43.5664
-36.6611,-43.7447
-36.7478,-43.9249
-36.8303,-44.1071
-36.9088,-44.291
-36.983,-44.4767
-37.053,-44.6641
-37.1188,-44.8529
-37.1803,-45.0433
-37.2375,-45.2349
-37.2903,-45.4278
-37.3388,-45.6218
-37.3829,-45.8169
-37.4225,-46.0129
-37.4577,-46.2098
-37.4885,-46.4074
-37.5147,-46.6057
-37.5365,-46.8045
-37.5538,-47.0037
-38.551,-47.0789
-38.566,-47.2783
-39.5632,-47.3535
-40.5603,-47.4286
-41.5575,-47.5038
-42.5547,-47.5789
-43.5519,-47.6541
-44.549,-47.7293
