-28.7566,-38.9892
-28.9566,-38.9886
-29.1566,-38.9881
-29.1566,-38.9881
-29.3566,-38.9899
-29.5565,-38.9966
-29.7561,-39.0082
-29.9555,-39.0246
-30.1543,-39.0458
-30.3526,-39.0718
-30.5502,-39.1026
-30.747,-39.1382
-30.9429,-39.1785
-31.1378,-39.2236
-31.3315,-39.2734
-31.5239,-39.3278
-31.715,-39.3869
-31.9046,-39.4506
-32.0925,-39.5189
-32.2788,-39.5917
-32.4633,-39.669
-32.6458,-39.7508
-32.8263,-39.8369
-33.0046,-39.9274
-33.1807,-40.0222
-33.3545,-40.1212
-33.5258,-40.2244
-33.6946,-40.3317
-33.8607,-40.4431
-34.0241,-40.5584
-34.1846,-40.6777
-34.3422,-40.8008
-34.4967,-40.9278
-34.6482,-41.0584
-34.7964,-41.1926
-34.9414,-41.3304
-34.9414,-41.3304
-35.0831,-41.4716
-35.2215,-41.6159
-35.3567,-41.7633
-35.4884,-41.9138
-35.6168,-42.0671
-35.7417,-42.2234
-35.8629,-42.3824
-35.9806,-42.5441
-36.0946,-42.7085
-36.2048,-42.8753
-36.3113,-43.0446
-36.4139,-43.2163
-36.5125,-43.3903
-36.6072,-43.5664
-36.698,-43.7447
-36.7846,-43.9249
-36.8672,-44.1071
-36.9456,-44.291
-37.0199,-44.4767
-37.0899,-44.6641
-37.1557,-44.8529
-37.2172,-45.0433
-37.2744,-45.2349
-37.3272,-45.4278
-37.3757,-45.6218
-37.4197,-45.8169
-37.4594,-46.0129
-37.4946,-46.2098
-37.5253,-46.4074
-37.5516,-46.6057
-37.5734,-46.8045
-37.5907,-47.0037
-36.5935,-47.0789
-36.6085,-47.2783
-35.6113,-47.3535
-34.6142,-47.4286
-33.617,-47.5038
-32.6198,-47.5789
-31.6227,-47.6541
-30.6255,-47.7293
