-28.7197,-25.7192
-28.9197,-25.7187
-29.1197,-25.7181
-29.4356,-6.9991
-29.6356,-7.00097
-29.6748,-7.72187
-29.714,-8.44973
-29.753,-9.18541
-29.7919,-9.92981
-29.8306,-10.6838
-29.8691,-11.4485
-29.9075,-12.2247
-29.9456,-13.0135
-29.9835,-13.8159
-30.021,-14.6333
-30.0583,-15.4666
-30.0953,-16.3172
-30.132,-17.1865
-30.1682,-18.0758
-30.2042,-18.9866
-30.2397,-19.9207
-30.2747,-20.8798
-30.3094,-21.8657
-30.3436,-22.8804
-30.3773,-23.9263
-30.4104,-25.0056
-30.4431,-26.1209
-30.4752,-27.2752
-30.5068,-28.4714
-30.5378,-29.7131
-30.5682,-31.0038
-30.598,-32.3479
-30.6271,-33.7498
-30.6556,-35.2145
-30.6834,-36.7479
