-22.1032,-32.3726
-22.3032,-32.3721
-22.5032,-32.3715
-22.8626,-32.3337
-23.0626,-32.3355
-23.2624,-32.3422
-23.4621,-32.3538
-23.6614,-32.3702
-23.8603,-32.3914
-24.0586,-32.4174
-24.2562,-32.4482
-24.453,-32.4838
-24.6489,-32.5241
-24.8437,-32.5692
-25.0374,-32.6189
-25.2299,-32.6734
-25.4209,-32.7325
-25.6105,-32.7962
-25.7985,-32.8645
-25.9848,-32.9373
-26.1692,-33.0146
-26.3517,-33.0963
-26.5322,-33.1825
-26.7106,-33.273
-26.8867,-33.3678
-27.0605,-33.4668
-27.2318,-33.57
-27.4005,-33.6773
-27.5667,-33.7887
-27.73,-33.904
-27.8906,-34.0233
-28.0481,-34.1464
-28.2027,-34.2734
-28.3542,-34.404
-28.5024,-34.5382
-28.6473,-34.676
-30.9255,-39.7206
-31.0618,-39.867
-31.1947,-40.0165
-31.3242,-40.1689
-31.4502,-40.3242
-31.5727,-40.4822
-31.6916,-40.6431
-31.8068,-40.8065
-31.9183,-40.9726
-32.0261,-41.1411
-32.1299,-41.312
-32.2299,-41.4852
-32.326,-41.6606
-32.418,-41.8382
-32.5061,-42.0177
-32.59,-42.1993
-32.6698,-42.3826
-32.7455,-42.5678
-32.8169,-42.7546
-32.8841,-42.9429
-32.9471,-43.1328
-33.0057,-43.324
-33.06,-43.5165
-33.1099,-43.7101
-33.1555,-43.9049
-33.1966,-44.1006
-33.2333,-44.2972
-33.2655,-44.4946
-33.2933,-44.6926
-33.3166,-44.8913
-33.3354,-45.0904
-33.3497,-45.2899
-33.3594,-45.4896
-37.9438,-40.0418
-37.9432,-40.2418
-37.9426,-40.465
-37.9425,-40.505
-37.9421,-40.655
-37.9413,-40.925
-37.9408,-41.095
-37.9404,-41.245
