-28.7566,-38.9892
-28.9566,-38.9886
-29.1566,-38.9881
-29.516,-25.7171
-29.716,-25.719
-29.9158,-25.7257
-30.1155,-25.7372
-30.3148,-25.7536
-30.5137,-25.7748
-30.712,-25.8008
-30.9096,-25.8316
-31.1064,-25.8672
-31.3023,-25.9076
-31.4971,-25.9526
-31.6908,-26.0024
-31.8833,-26.0569
-32.0744,-26.116
-32.2639,-26.1797
-32.4519,-26.2479
-32.6382,-26.3208
-32.8226,-26.3981
-33.0052,-26.4798
-33.1856,-26.5659
-33.364,-26.6564
-33.5401,-26.7512
-33.7139,-26.8502
-33.8852,-26.9534
-34.054,-27.0607
-34.2201,-27.1721
-34.3834,-27.2875
-34.544,-27.4068
-34.7016,-27.5299
-34.8561,-27.6568
-35.0076,-27.7874
-35.1558,-27.9217
-35.3007,-28.0595
-30.6956,-30.3402
-30.8319,-30.4865
-30.9648,-30.636
-31.0943,-30.7884
-31.2204,-30.9437
-31.3429,-31.1018
-31.4617,-31.2626
-31.577,-31.4261
-31.6885,-31.5921
-31.7962,-31.7606
-31.9001,-31.9315
-32.0001,-32.1047
-32.0961,-32.2801
-32.1882,-32.4577
-32.2762,-32.6372
-32.3601,-32.8188
-32.44,-33.0022
-32.5156,-33.1873
-32.5871,-33.3741
-32.6543,-33.5624
-32.7172,-33.7523
-32.7758,-33.9435
-32.8301,-34.136
-32.8801,-34.3296
-32.9256,-34.5244
-32.9667,-34.7201
-33.0034,-34.9167
-33.0357,-35.1141
-33.0634,-35.3121
-33.0867,-35.5108
-33.1055,-35.7099
-33.1198,-35.9094
-33.1296,-36.1091
-36.941,-41.039
-36.9404,-41.239
-36.9398,-41.4622
-36.9397,-41.5022
-36.9392,-41.6522
-36.9385,-41.9222
-36.938,-42.0922
-36.9376,-42.2422
