-22.1032,-32.3358
-22.3032,-32.3352
-22.5032,-32.3347
-29.4975,-32.3521<<<<
-28.8321,-38.9536
-29.6975,-32.354<<<<
-29.0321,-38.9555
-29.8974,-32.3607<<<<
-27.5172,-38.554
-30.0971,-32.3722<<<<
-26.0485,-37.6289
-30.2964,-32.3886<<<<
-24.6826,-35.9254
-30.4953,-32.4098<<<<
6.95323e-310,-253.628
-30.6936,-32.4358<<<<
6.95323e-310,-201.552
-30.8912,-32.4666<<<<
6.95323e-310,-165.686
-31.088,-32.5022<<<<
6.95323e-310,-139.441
-31.2839,-32.5425<<<<
6.95323e-310,-119.372
-31.4787,-32.5876<<<<
6.95323e-310,-103.502
-31.6724,-32.6374<<<<
6.95323e-310,-90.6142
-31.8649,-32.6918<<<<
6.95323e-310,-79.9208
-32.0559,-32.7509<<<<
6.95323e-310,-70.8877
-32.2455,-32.8146<<<<
6.95323e-310,-63.1405
-32.4335,-32.8829<<<<
6.95323e-310,-56.4091
-32.6197,-32.9557<<<<
6.95323e-310,-50.4935
-32.8042,-33.033<<<<
6.95323e-310,-45.2424
-32.9867,-33.1148<<<<
6.95323e-310,-40.5396
-33.1672,-33.2009<<<<
6.95323e-310,-36.2941
-33.3456,-33.2914<<<<
6.95323e-310,-32.4334
-33.5217,-33.3862<<<<
6.95323e-310,-28.8997
-33.6954,-33.4852<<<<
6.95323e-310,-25.6457
-33.8668,-33.5884<<<<
6.95323e-310,-22.6327
-34.0355,-33.6957<<<<
6.95323e-310,-19.8286
-34.2016,-33.8071<<<<
6.95323e-310,-17.2065
-34.365,-33.9225<<<<
6.95323e-310,-14.7439
-34.5255,-34.0417<<<<
6.95323e-310,-12.4216
-34.6831,-34.1649<<<<
6.95323e-310,-10.2233
-34.8377,-34.2918<<<<
6.95323e-310,-8.1349
-34.9891,-34.4224<<<<
6.95323e-310,-6.14432
-35.1374,-34.5567<<<<
6.95323e-310,-4.24106
-35.2823,-34.6945<<<<
6.95323e-310,-2.41595
-35.5008,-34.9155<<<<
6.95323e-310,1.86981
-35.6371,-35.0619<<<<
6.95323e-310,1.88935
-35.77,-35.2113<<<<
6.95323e-310,3.39329
-35.8995,-35.3637<<<<
6.95323e-310,4.85558
-36.0255,-35.519<<<<
6.95323e-310,6.27995
-36.148,-35.6771<<<<
6.95323e-310,7.66973
-36.2669,-35.8379<<<<
6.95323e-310,9.02794
-36.3821,-36.0014<<<<
6.95323e-310,10.3573
-36.4936,-36.1674<<<<
6.95323e-310,11.6603
-36.6014,-36.3359<<<<
6.95323e-310,12.9391
-36.7052,-36.5068<<<<
6.95323e-310,14.1959
-36.8052,-36.68<<<<
6.95323e-310,15.4323
-36.9013,-36.8554<<<<
6.95323e-310,16.6502
-36.9933,-37.033<<<<
6.95323e-310,17.8511
-37.0814,-37.2126<<<<
6.95323e-310,19.0365
-37.1653,-37.3941<<<<
6.95323e-310,20.2075
-37.2451,-37.5775<<<<
6.95323e-310,21.3655
-37.3208,-37.7626<<<<
6.95323e-310,22.5115
-37.3922,-37.9494<<<<
6.95323e-310,23.6465
-37.4595,-38.1378<<<<
6.95323e-310,24.7716
-37.5224,-38.3276<<<<
6.95323e-310,25.8876
-37.581,-38.5188<<<<
6.95323e-310,26.9954
-37.6353,-38.7113<<<<
6.95323e-310,28.0956
-37.6852,-38.9049<<<<
6.95323e-310,29.1891
-37.7308,-39.0997<<<<
6.95323e-310,30.2766
-37.7719,-39.2954<<<<
6.95323e-310,31.3585
-37.8086,-39.492<<<<
6.95323e-310,32.4357
-37.8408,-39.6894<<<<
6.95323e-310,33.5086
-37.8686,-39.8874<<<<
6.95323e-310,34.5779
-37.8919,-40.0861<<<<
6.95323e-310,35.6439
-37.9107,-40.2852<<<<
6.95323e-310,36.7074
-37.925,-40.4847<<<<
6.95323e-310,37.7687
-37.9347,-40.6844<<<<
6.95323e-310,38.8284
-37.9438,-42.0418
-37.9432,-42.2418
-37.9426,-42.465
-37.9425,-42.505
-37.9421,-42.655
-37.9413,-42.925
-37.9408,-43.095
-37.9404,-43.245
