-28.7566,-38.9892
-28.9566,-38.9886
-29.1566,-38.9881
-29.4975,-32.3521
-29.6975,-32.354
-29.8974,-32.3607
-30.0971,-32.3722
-30.2964,-32.3886
-30.4953,-32.4098
-30.6936,-32.4358
-30.8912,-32.4666
-31.088,-32.5022
-31.2839,-32.5425
-31.4787,-32.5876
-31.6724,-32.6374
-31.8649,-32.6918
-32.0559,-32.7509
-32.2455,-32.8146
-32.4335,-32.8829
-32.6197,-32.9557
-32.8042,-33.033
-32.9867,-33.1148
-33.1672,-33.2009
-33.3456,-33.2914
-33.5217,-33.3862
-33.6954,-33.4852
-33.8668,-33.5884
-34.0355,-33.6957
-34.2016,-33.8071
-34.365,-33.9225
-34.5255,-34.0417
-34.6831,-34.1649
-34.8377,-34.2918
-34.9891,-34.4224
-35.1374,-34.5567
-35.2823,-34.6945
-35.5008,-34.9155
-35.6371,-35.0619
-35.77,-35.2113
-35.8995,-35.3637
-36.0255,-35.519
-36.148,-35.6771
-36.2669,-35.8379
-36.3821,-36.0014
-36.4936,-36.1674
-36.6014,-36.3359
-36.7052,-36.5068
-36.8052,-36.68
-36.9013,-36.8554
-36.9933,-37.033
-37.0814,-37.2126
-37.1653,-37.3941
-37.2451,-37.5775
-37.3208,-37.7626
-37.3922,-37.9494
-37.4595,-38.1378
-37.5224,-38.3276
-37.581,-38.5188
-37.6353,-38.7113
-37.6852,-38.9049
-37.7308,-39.0997
-37.7719,-39.2954
-37.8086,-39.492
-37.8408,-39.6894
-37.8686,-39.8874
-37.8919,-40.0861
-37.9107,-40.2852
-37.925,-40.4847
-37.9347,-40.6844
-36.941,-41.039
-36.9404,-41.239
-36.9398,-41.4622
-36.9397,-41.5022
-36.9392,-41.6522
-36.9385,-41.9222
-36.938,-42.0922
-36.9376,-42.2422
