-28.7197,-25.7192
-28.9197,-25.7187
-29.1197,-25.7181
-29.4356,25.1669
-29.6356,25.165
-29.6748,23.7224
-29.714,22.2669
-29.753,20.7966
-29.7919,19.3098
-29.8306,17.8046
-29.8691,16.2792
-29.9075,14.7314
-29.9456,13.1593
-29.9835,11.5607
-30.021,9.93322
-30.0583,8.27455
-30.0953,6.58213
-30.132,4.85324
-30.1682,3.08502
-30.2042,1.2744
-30.2397,-0.581899
-30.2747,-2.48739
-30.3094,-4.44587
-30.3436,-6.46143
-30.3773,-8.53848
-30.4104,-10.6818
-30.4431,-12.8967
-30.4752,-15.1888
-30.5068,-17.5643
-30.5378,-20.0301
-30.5682,-22.5937
-30.598,-25.2634
-30.6271,-28.0483
-30.6556,-30.9587
-30.6834,-34.0059
