-28.7197,-25.7192
-28.9197,-25.7187
-29.1197,-25.7181
-29.4356,-38.9868
-29.6356,-38.9887
-29.6748,-38.9919
-29.714,-38.9961
-29.753,-39.0013
-29.7919,-39.0074
-29.8306,-39.0145
-29.8691,-39.0224
-29.9075,-39.0313
-29.9456,-39.0412
-29.9835,-39.0519
-30.021,-39.0636
-30.0583,-39.0762
-30.0953,-39.0896
-30.132,-39.104
-30.1682,-39.1193
-30.2042,-39.1354
-30.2397,-39.1524
-30.2747,-39.1702
-30.3094,-39.1889
-30.3436,-39.2084
-30.3773,-39.2288
-30.4104,-39.2499
-30.4431,-39.2719
-30.4752,-39.2946
-30.5068,-39.3181
-30.5378,-39.3424
-30.5682,-39.3674
-30.598,-39.3931
-30.6271,-39.4196
-30.6556,-39.4467
-30.6834,-39.4746
