-28.7197,-25.7192
-28.9197,-25.7187
-29.1197,-25.7181
-29.4356,25.1667
-29.6356,25.1649
-29.6748,23.7223
-29.714,22.2668
-29.753,20.7965
-29.7919,19.3097
-29.8306,17.8045
-29.8691,16.2791
-29.9075,14.7313
-29.9456,13.1592
-29.9835,11.5606
-30.021,9.93312
-30.0583,8.27446
-30.0953,6.58204
-30.132,4.85315
-30.1682,3.08493
-30.2042,1.27432
-30.2397,-0.581974
-30.2747,-2.48746
-30.3094,-4.44594
-30.3436,-6.46149
-30.3773,-8.53854
-30.4104,-10.6819
-30.4431,-12.8967
-30.4752,-15.1888
-30.5068,-17.5643
-30.5378,-20.0301
-30.5682,-22.5937
-30.598,-25.2634
-30.6271,-28.0483
-30.6556,-30.9587
-30.6834,-34.006
