-22.1032,-32.3358
-22.3032,-32.3352
-22.5032,-32.3347
-28.8373,-38.9542
-29.0373,-38.956
-27.5837,-38.5792
-26.2416,-37.7721
-25.0488,-36.4489
-24.0924,-34.1496
6.95283e-310,-209.604
6.95283e-310,-175.317
6.95283e-310,-150.683
6.95283e-310,-132.257
6.95283e-310,-118.064
6.95283e-310,-106.892
6.95283e-310,-97.9537
6.95283e-310,-90.7178
6.95283e-310,-84.8126
6.95283e-310,-79.9707
6.95283e-310,-75.9952
6.95283e-310,-72.738
6.95283e-310,-70.0864
6.95283e-310,-67.9529
6.95283e-310,-66.2692
6.95283e-310,-64.9818
6.95283e-310,-64.048
6.95283e-310,-63.4344
6.95283e-310,-63.1142
6.95283e-310,-63.0669
6.95283e-310,-63.2765
6.95283e-310,-63.7314
6.95283e-310,-64.4233
6.95283e-310,-65.3472
-28.4101,-33.5622
-28.7063,-36.189
-29.6942,-38.2717
-35.3008,-41.5475
-35.4371,-41.6938
6.95283e-310,-77.0325
6.95283e-310,-79.6318
6.95283e-310,-82.4946
6.95283e-310,-85.6402
6.95283e-310,-89.0916
6.95283e-310,-92.876
6.95283e-310,-97.0254
6.95283e-310,-101.577
6.95283e-310,-106.577
6.95283e-310,-112.076
6.95283e-310,-118.137
6.95283e-310,-124.837
6.95283e-310,-132.264
6.95283e-310,-140.53
6.95283e-310,-149.767
6.95283e-310,-160.143
6.95283e-310,-171.864
6.95283e-310,-185.194
6.95283e-310,-200.469
6.95283e-310,-218.129
6.95283e-310,-238.759
6.95283e-310,-263.155
6.95283e-310,-292.423
6.95283e-310,-328.158
6.95283e-310,-372.731
6.95283e-310,-429.842
6.95283e-310,-505.589
6.95283e-310,-610.8
6.95283e-310,-766.703
6.95283e-310,-1021.38
6.95283e-310,-1511.81
-37.9438,-42.0418
-37.9432,-42.2418
-37.9426,-42.465
-37.9425,-42.505
-37.9421,-42.655
-37.9413,-42.925
-37.9408,-43.095
-37.9404,-43.245
