-22.1032,-32.3358
-22.3032,-32.3352
-22.5032,-32.3347
-22.8626,-32.3705
-23.0626,-32.3724
-23.2624,-32.3791
-23.4621,-32.3907
-23.6614,-32.407
-23.8603,-32.4282
-24.0586,-32.4542
-24.2562,-32.4851
-24.453,-32.5206
-24.6489,-32.561
-24.8437,-32.606
-25.0374,-32.6558
-25.2299,-32.7103
-25.4209,-32.7694
-25.6105,-32.8331
-25.7985,-32.9014
-25.9848,-32.9742
-26.1692,-33.0515
-26.3517,-33.1332
-26.5322,-33.2194
-26.7106,-33.3098
-26.8867,-33.4046
-27.0605,-33.5036
-27.2318,-33.6068
-27.4005,-33.7142
-27.5667,-33.8255
-27.73,-33.9409
-27.8906,-34.0602
-28.0481,-34.1833
-28.2027,-34.3102
-28.3542,-34.4408
-28.5024,-34.5751
-28.6473,-34.7129
-30.9255,-30.1103
-31.0618,-30.2567
-31.1947,-30.4061
-31.3242,-30.5585
-31.4502,-30.7138
-31.5727,-30.8719
-31.6916,-31.0327
-31.8068,-31.1962
-31.9183,-31.3622
-32.0261,-31.5307
-32.1299,-31.7016
-32.2299,-31.8748
-32.326,-32.0502
-32.418,-32.2278
-32.5061,-32.4074
-32.59,-32.5889
-32.6698,-32.7723
-32.7455,-32.9574
-32.8169,-33.1442
-32.8841,-33.3326
-32.9471,-33.5224
-33.0057,-33.7136
-33.06,-33.9061
-33.1099,-34.0998
-33.1555,-34.2945
-33.1966,-34.4902
-33.2333,-34.6868
-33.2655,-34.8842
-33.2933,-35.0823
-33.3166,-35.2809
-33.3354,-35.48
-33.3497,-35.6795
-33.3594,-35.8793
-37.9438,-42.0418
-37.9432,-42.2418
-37.9426,-42.465
-37.9425,-42.505
-37.9421,-42.655
-37.9413,-42.925
-37.9408,-43.095
-37.9404,-43.245
