-22.1032,-32.3358
-22.3032,-32.3352
-22.5032,-32.3347
-28.8321,-3128.64
-29.0321,-3150.07
-27.5172,-858.396
-26.0485,-488.016
-24.6826,-336.29
6.9527e-310,-253.628
6.9527e-310,-201.552
6.9527e-310,-165.686
6.9527e-310,-139.441
6.9527e-310,-119.372
6.9527e-310,-103.502
6.9527e-310,-90.6142
6.9527e-310,-79.9208
6.9527e-310,-70.8877
6.9527e-310,-63.1405
6.9527e-310,-56.4091
6.9527e-310,-50.4935
6.9527e-310,-45.2424
6.9527e-310,-40.5396
6.9527e-310,-36.2941
6.9527e-310,-32.4334
6.9527e-310,-28.8997
6.9527e-310,-25.6457
6.9527e-310,-22.6327
6.9527e-310,-19.8286
6.9527e-310,-17.2065
6.9527e-310,-14.7439
6.9527e-310,-12.4216
6.9527e-310,-10.2233
6.9527e-310,-8.1349
6.9527e-310,-6.14432
6.9527e-310,-4.24106
6.9527e-310,-2.41595
6.9527e-310,1.86981
6.9527e-310,1.88935
6.9527e-310,3.39329
6.9527e-310,4.85558
6.9527e-310,6.27995
6.9527e-310,7.66973
6.9527e-310,9.02794
6.9527e-310,10.3573
6.9527e-310,11.6603
6.9527e-310,12.9391
6.9527e-310,14.1959
6.9527e-310,15.4323
6.9527e-310,16.6502
6.9527e-310,17.8511
6.9527e-310,19.0365
6.9527e-310,20.2075
6.9527e-310,21.3655
6.9527e-310,22.5115
6.9527e-310,23.6465
6.9527e-310,24.7716
6.9527e-310,25.8876
6.9527e-310,26.9954
6.9527e-310,28.0956
6.9527e-310,29.1891
6.9527e-310,30.2766
6.9527e-310,31.3585
6.9527e-310,32.4357
6.9527e-310,33.5086
6.9527e-310,34.5779
6.9527e-310,35.6439
6.9527e-310,36.7074
6.9527e-310,37.7687
6.9527e-310,38.8284
-37.9438,-42.0418
-37.9432,-42.2418
-37.9426,-42.465
-37.9425,-42.505
-37.9421,-42.655
-37.9413,-42.925
-37.9408,-43.095
-37.9404,-43.245
